1.0
10.0
1000.0
10001.0
10002.0
10003.0
10004.0
10005.0
10006.0
10007.0
10008.0
10009.0
1001.0
1002.0
10023.0
10024.0
10024.1
10024.2
10024.3
10024.4
10024.5
10024.6
10025.0
10026.0
1003.0
1004.0
10042.0
10059.0
10071.0
101.0
1010.0
102.0
1020.0
10224.0
10225.0
103.0
10424.0
105.0
106.0
107.0
108.0
10823.0
10824.0
10825.0
10826.0
10842.0
109.0
11.0
110.0
1102.0
111.0
112.0
11224.0
113.0
114.0
115.0
116.0
117.0
118.0
119.0
12.0
120.0
121.0
122.0
123.1
123.2
123.3
124.1
124.2
124.4
124.5
124.6
125.0
126.0
127.0
128.0
129.0
13.0
130.0
1301.0
1302.0
1303.0
1306.0
1307.0
1308.0
1309.0
131.0
1310.0
1311.0
1312.0
1313.0
1314.0
1315.0
1316.0
1317.0
1318.0
1319.0
132.0
1320.0
1321.0
1322.0
1323.0
1324.0
1325.0
1325.1
1325.2
1325.3
1325.4
1325.5
1326.0
1327.0
1328.0
1329.0
133.0
1330.0
1331.0
1332.0
1333.0
1334.0
1335.0
1336.0
1337.0
1338.0
1339.0
134.0
1340.0
1341.0
1343.0
1344.0
1345.0
1347.0
134.701
134.702
134.703
134.704
134.705
134.706
134.707
134.708
134.709
134.71
1348.0
134.801
134.802
134.803
134.804
134.805
134.806
134.807
134.808
134.809
134.81
134.811
134.812
134.813
1349.0
134.901
134.902
134.903
134.904
134.905
134.906
134.907
134.908
134.909
134.91
134.911
134.912
134.99601
134.99602
134.99603
134.99901
1350.0
135.1
1351.0
135.11
135.12
135.13
135.2
1352.0
135.3
1353.0
135.4
1354.0
135.5
1355.0
135.6
1356.0
135.7
135.8
135.9
1360.0
1361.0
1362.0
1363.0
1364.0
1365.0
1366.0
136.721
136.722
136.723
136.724
136.725
136.726
136.727
136.728
136.729
136.73
136.731
136.732
136.7321
136.733
136.734
136.735
136.736
136.737
136.738
136.739
136.74
136.741
136.742
136.743
136.744
136.745
136.746
136.747
136.748
136.749
136.75
136.751
136.752
136.753
136.754
136.755
136.756
136.757
136.758
136.759
136.76
136.761
136.7611
136.762
136.763
136.764
136.765
136.766
136.767
136.768
136.769
136.77
136.771
136.772
136.773
136.774
136.775
136.776
136.777
136.778
136.779
139901.0
139902.0
13992501.0
13992502.0
14.0
140.0
140.51
140.52
140.53
140.54
144.6
145.0
15.0
150.0
150.1
150.2
150.3
16.0
17.0
18.0
19.0
2.0
20.0
200.0
20034.0
20034.1
20034.2
202.0
203.0
204.0
20434.0
205.0
20834.0
20834.2
21.0
22.0
23.0
24.0
25.0
250199.0
250199.17
250200.0
250200.1
250200.117
250200.17
250202.0
250202.17
250203.0
250203.17
250204.0
250204.17
250205.0
250205.17
250206.0
250206.17
250207.0
250207.17
250399.0
250400.0
250402.0
250403.0
250405.0
250406.0
250407.0
250408.0
250409.0
25200.0
25202.0
25203.0
25204.0
25205.0
25206.0
25207.0
25208.0
25209.0
25210.0
25211.0
25212.0
25213.0
25214.0
25400.0
25402.0
25403.0
25405.0
25406.0
25407.0
25408.0
25409.0
26.0
27.0
28.0
280.0
281.0
29.0
3.0
30.0
300.0
301.0
302.0
31.0
32.0
33.0
34.0
35.0
36.0
37.0
38.0
39.0
4000.0
4001.0
4002.0
4003.0
4006.0
4007.0
4008.0
4.17
4.22
4.23
4.24
4.25
4.26
4.27
4.28
4.29
43.0
4.34
4.36
4.37
4.4
44.0
4.41
4.42
4.43
4.44
4.45
45.0
4.51
4.52
4.53
4.54
4.55
4.57
4.58
4.6
4.61
4.62
4.63
4.64
4.65
4.67
4.68
4.71
4.72
4.73
4.74
4.75
4.76
4.77
4.78
500199.0
500200.0
500200.1
500202.0
500203.0
500204.0
500205.0
500206.0
500207.0
50200.0
50202.0
50203.0
50204.0
50205.0
50206.0
50207.0
50208.0
503.0
504.0
505.0
506.0
507.0
508.0
509.0
5.1
510.0
512.0
513.0
514.0
515.0
516.0
517.0
518.0
519.0
5.2
520.0
521.0
522.0
523.0
524.0
525.0
526.0
527.0
528.0
529.0
5.3
530.0
531.0
534.0
5.4
541.0
545.0
5.5
551.0
552.0
554.0
555.0
556.0
5.6
560.0
561.0
562.0
5.7
6.0
7.0
7.1
7.2
7.3
7.4
8.0
9.0
